7
1
2
5 8 12 11 0 -1
9 8 4 11 0 3
haar_x3
3.769770e-02 0 -1
-9.842843e-01 1.295419e+00 
1
2
0 22 24 2 0 -1
0 23 24 1 0 2
haar_y2
-3.462076e-03 0 -1
6.962538e-01 -1.085976e+00 
1
2
0 10 24 3 0 -1
8 10 8 3 0 3
haar_x3
1.515425e-03 0 -1
6.636798e-01 -1.036521e+00 
1
2
9 1 9 11 0 -1
12 1 3 11 0 3
haar_x3
1.098506e-03 0 -1
4.760733e-01 -9.430661e-01 
1
2
0 12 15 4 0 -1
0 14 15 2 0 2
haar_y2
-5.689086e-03 0 -1
7.917328e-01 -9.393777e-01 
1
2
23 14 1 3 0 -1
23 15 1 1 0 3
haar_y3
-5.579067e-04 0 -1
-1.235323e+00 3.386929e-01 
1
2
0 14 1 3 0 -1
0 15 1 1 0 3
haar_y3
-1.610957e-04 0 -1
-1.513000e+00 5.439132e-01 
-2.167295e+00

0
-1
