7
1
2
20 8 3 6 0 -1
21 8 1 6 0 3
haar_x3
-2.000138e-03 0 -1
5.804998e-01 -7.182688e-01 
1
2
19 2 16 18 0 -1
23 2 8 18 0 2
haar_x4
1.471546e-04 0 -1
-2.495938e-01 1.816902e-01 
1
2
13 4 16 17 0 -1
17 4 8 17 0 2
haar_x4
2.914025e-02 0 -1
-6.789688e-01 6.611322e-01 
1
2
25 5 2 9 0 -1
25 8 2 3 0 3
haar_y3
5.129860e-04 0 -1
-4.118719e-01 2.805967e-01 
1
2
21 5 2 9 0 -1
21 8 2 3 0 3
haar_y3
1.551697e-03 0 -1
-8.616355e-01 5.233579e-01 
1
2
45 3 3 19 0 -1
46 3 1 19 0 3
haar_x3
4.317108e-03 0 -1
-7.214294e-01 6.189161e-01 
1
2
9 12 8 1 0 -1
11 12 4 1 0 2
haar_x4
5.463604e-04 0 -1
-9.184368e-01 6.175547e-01 
-1.403582e+00

4
-1
