8
1
2
4 0 9 6 0 -1
7 0 3 6 0 3
haar_x3
3.688128e-03 0 -1
5.914055e-01 -1.135614e+00 
1
2
10 17 6 2 0 -1
12 17 2 2 0 3
haar_x3
-4.091354e-03 0 -1
6.320876e-01 -3.380745e-01 
1
2
7 17 2 3 0 -1
7 18 2 1 0 3
haar_y3
-1.932338e-05 0 -1
6.142309e-01 -9.015319e-01 
1
2
20 14 2 4 0 -1
20 14 1 4 0 2
haar_x2
1.905067e-03 0 -1
-2.887038e-01 8.423255e-01 
1
2
2 14 2 4 0 -1
3 14 1 4 0 2
haar_x2
9.433833e-05 0 -1
-8.652764e-01 7.500570e-01 
1
2
13 20 1 2 0 -1
13 21 1 1 0 2
haar_y2
-2.782971e-05 0 -1
2.286555e-01 -1.981491e-01 
1
2
2 11 6 3 0 -1
2 12 6 1 0 3
haar_y3
2.242228e-03 0 -1
-8.144044e-01 8.045023e-01 
1
2
4 20 17 3 0 -1
4 21 17 1 0 3
haar_y3
-2.953549e-03 0 -1
-1.395258e+00 3.880214e-01 
-1.080136e+00

4
-1
