10
1
2
11 9 2 6 0 -1
12 9 1 6 0 2
haar_x2
-5.258143e-03 0 -1
1.414904e+00 -5.057904e-01 
1
2
22 5 2 17 0 -1
22 5 1 17 0 2
haar_x2
5.563321e-03 0 -1
-3.785267e-01 8.136728e-01 
1
2
0 4 2 18 0 -1
1 4 1 18 0 2
haar_x2
-7.271723e-03 0 -1
1.278339e+00 -5.872626e-01 
1
2
23 19 1 3 0 -1
23 20 1 1 0 3
haar_y3
-3.072585e-04 0 -1
-9.729313e-01 3.857634e-01 
1
2
0 19 1 3 0 -1
0 20 1 1 0 3
haar_y3
-4.541670e-04 0 -1
-1.913843e+00 6.178564e-01 
1
2
23 19 1 3 0 -1
23 20 1 1 0 3
haar_y3
2.668662e-04 0 -1
6.220545e-01 -1.460680e+00 
1
2
0 19 1 3 0 -1
0 20 1 1 0 3
haar_y3
2.929442e-04 0 -1
7.788309e-01 -1.404760e+00 
1
2
22 18 2 6 0 -1
22 18 1 6 0 2
haar_x2
7.052069e-03 0 -1
-3.756912e-01 1.596604e+00 
1
2
0 16 2 8 0 -1
1 16 1 8 0 2
haar_x2
3.765660e-03 0 -1
-7.238076e-01 1.438586e+00 
1
2
13 20 1 2 0 -1
13 21 1 1 0 2
haar_y2
-4.407692e-04 0 -1
-4.474440e-01 2.336497e-01 
-2.036855e+00

3
-1
