69
1
2
3 6 8 14 0 -1
5 6 4 14 0 2
haar_x4
4.160137e-03 0 -1
-8.894250e-01 7.853396e-01 
1
2
14 9 33 8 0 -1
14 13 33 4 0 2
haar_y2
9.199680e-05 0 -1
-8.785263e-01 6.172248e-01 
1
2
1 0 38 2 0 -1
1 1 38 1 0 2
haar_y2
4.175697e-03 0 -1
-9.681209e-01 7.893556e-01 
1
2
46 3 2 8 0 -1
46 7 2 4 0 2
haar_y2
-3.159106e-04 0 -1
5.410255e-01 -9.768875e-01 
1
2
20 0 3 19 0 -1
21 0 1 19 0 3
haar_x3
-1.879321e-04 0 -1
8.378521e-01 -9.828703e-01 
1
2
45 15 3 9 0 -1
46 18 1 3 0 9
haar_point
1.194614e-04 0 -1
-7.998284e-01 2.956645e-01 
1
2
1 9 20 8 0 -1
1 13 20 4 0 2
haar_y2
5.090373e-04 0 -1
-9.841037e-01 7.537825e-01 
1
3
28 12 4 10 0 -1
30 12 2 5 0 2
28 17 2 5 0 2
haar_x2_y2
7.506983e-03 0 -1
-9.387556e-01 1.000000e+00 
1
2
0 0 2 2 0 -1
1 0 1 2 0 2
haar_x2
-5.175136e-05 0 -1
1.000000e+00 -1.000000e+00 
1
2
25 5 8 11 0 -1
27 5 4 11 0 2
haar_x4
5.523850e-05 0 -1
-8.782733e-01 7.833964e-01 
1
2
0 12 48 12 0 -1
16 12 16 12 0 3
haar_x3
3.692605e-03 0 -1
-1.000000e+00 1.000002e+00 
1
2
46 0 2 1 0 -1
46 0 1 1 0 2
haar_x2
0.000000e+00 0 -1
0.000000e+00 -1.000000e+00 
1
3
0 2 6 8 0 -1
0 2 3 4 0 2
3 6 3 4 0 2
haar_x2_y2
-7.234300e-04 0 -1
1.000000e+00 -1.000000e+00 
1
2
19 2 16 12 0 -1
23 2 8 12 0 2
haar_x4
-5.324529e-03 0 -1
7.829267e-01 -8.530246e-01 
1
2
16 10 6 10 0 -1
18 10 2 10 0 3
haar_x3
4.681066e-03 0 -1
-9.431300e-01 9.641804e-01 
1
2
34 10 4 4 0 -1
34 10 2 4 0 2
haar_x2
-1.250529e-03 0 -1
1.000000e+00 -9.103041e-01 
1
2
0 0 2 20 0 -1
0 5 2 10 0 2
haar_y4
6.010417e-04 0 -1
-9.788877e-01 9.221023e-01 
1
2
32 14 6 2 0 -1
32 14 3 2 0 2
haar_x2
1.876403e-03 0 -1
-9.274390e-01 8.701399e-01 
1
2
0 0 10 2 0 -1
0 1 10 1 0 2
haar_y2
5.215138e-03 0 -1
-1.000000e+00 1.000003e+00 
1
2
46 0 2 1 0 -1
46 0 1 1 0 2
haar_x2
0.000000e+00 0 -1
0.000000e+00 -1.000000e+00 
1
2
0 8 14 10 0 -1
0 13 14 5 0 2
haar_y2
8.296334e-04 0 -1
-1.000000e+00 1.000003e+00 
1
2
46 0 2 1 0 -1
46 0 1 1 0 2
haar_x2
0.000000e+00 0 -1
0.000000e+00 -1.000000e+00 
1
2
0 0 8 8 0 -1
2 0 4 8 0 2
haar_x4
-2.644661e-05 0 -1
1.000000e+00 -1.000000e+00 
1
2
6 2 40 14 0 -1
6 2 20 14 0 2
haar_x2
-4.159900e-03 0 -1
1.000000e+00 -8.283128e-01 
1
2
7 5 6 15 0 -1
9 10 2 5 0 9
haar_point
-5.375242e-03 0 -1
9.771304e-01 -1.000005e+00 
1
2
21 10 6 3 0 -1
23 11 2 1 0 9
haar_point
1.651823e-04 0 -1
-9.803536e-01 9.311237e-01 
1
2
13 1 8 5 0 -1
17 1 4 5 0 2
haar_x2
5.780653e-04 0 -1
-9.957653e-01 9.999993e-01 
1
2
44 0 4 4 0 -1
44 0 2 4 0 2
haar_x2
-2.942517e-04 0 -1
1.000000e+00 -1.000000e+00 
1
2
4 18 36 6 0 -1
4 20 36 2 0 3
haar_y3
1.704264e-02 0 -1
-9.958635e-01 1.000006e+00 
1
2
46 0 2 1 0 -1
46 0 1 1 0 2
haar_x2
0.000000e+00 0 -1
0.000000e+00 -1.000000e+00 
1
2
9 6 16 9 0 -1
17 6 8 9 0 2
haar_x2
6.367958e-04 0 -1
-1.000000e+00 1.000003e+00 
1
2
46 0 2 1 0 -1
46 0 1 1 0 2
haar_x2
0.000000e+00 0 -1
0.000000e+00 -1.000000e+00 
1
2
3 10 16 8 0 -1
3 14 16 4 0 2
haar_y2
9.199680e-05 0 -1
-1.000000e+00 9.999996e-01 
1
2
46 0 2 1 0 -1
46 0 1 1 0 2
haar_x2
0.000000e+00 0 -1
0.000000e+00 -1.000000e+00 
1
2
21 11 2 6 0 -1
22 11 1 6 0 2
haar_x2
4.175187e-05 0 -1
-1.000000e+00 1.000003e+00 
1
2
47 0 1 2 0 -1
47 1 1 1 0 2
haar_y2
-9.708492e-05 0 -1
1.000000e+00 -9.999999e-01 
1
3
19 8 2 16 0 -1
19 8 1 8 0 2
20 16 1 8 0 2
haar_x2_y2
2.869229e-05 0 -1
-1.000000e+00 9.513198e-01 
1
2
1 2 47 6 0 -1
1 5 47 3 0 2
haar_y2
6.783211e-02 0 -1
-9.949837e-01 1.000000e+00 
1
2
0 0 2 1 0 -1
1 0 1 1 0 2
haar_x2
0.000000e+00 0 -1
0.000000e+00 -1.000000e+00 
1
2
39 0 9 12 0 -1
42 0 3 12 0 3
haar_x3
-7.968078e-04 0 -1
1.000000e+00 -8.959568e-01 
1
2
4 5 8 6 0 -1
6 5 4 6 0 2
haar_x4
1.892038e-05 0 -1
-1.000000e+00 1.000001e+00 
1
3
44 0 4 10 0 -1
46 0 2 5 0 2
44 5 2 5 0 2
haar_x2_y2
3.070075e-03 0 -1
-9.666129e-01 1.000000e+00 
1
2
0 0 1 2 0 -1
0 1 1 1 0 2
haar_y2
8.885137e-06 0 -1
-1.000000e+00 1.000000e+00 
1
2
46 0 2 1 0 -1
46 0 1 1 0 2
haar_x2
0.000000e+00 0 -1
0.000000e+00 -1.000000e+00 
1
2
0 0 4 4 0 -1
0 2 4 2 0 2
haar_y2
1.032048e-03 0 -1
-1.000000e+00 1.000004e+00 
1
2
46 0 2 1 0 -1
46 0 1 1 0 2
haar_x2
0.000000e+00 0 -1
0.000000e+00 -1.000000e+00 
1
2
0 1 9 18 0 -1
3 1 3 18 0 3
haar_x3
-1.466373e-02 0 -1
1.000000e+00 -1.000000e+00 
1
2
26 9 12 6 0 -1
30 11 4 2 0 9
haar_point
-2.223652e-03 0 -1
9.341346e-01 -9.526548e-01 
1
2
14 0 15 21 0 -1
19 7 5 7 0 9
haar_point
5.477327e-03 0 -1
-1.000000e+00 9.746309e-01 
1
3
46 0 2 6 0 -1
47 0 1 3 0 2
46 3 1 3 0 2
haar_x2_y2
1.232591e-04 0 -1
-9.914412e-01 5.996946e-01 
1
3
0 0 2 2 0 -1
0 0 1 1 0 2
1 1 1 1 0 2
haar_x2_y2
7.245718e-06 0 -1
-1.000000e+00 1.000003e+00 
1
2
46 0 2 1 0 -1
46 0 1 1 0 2
haar_x2
0.000000e+00 0 -1
0.000000e+00 -1.000000e+00 
1
2
19 2 4 10 0 -1
20 2 2 10 0 2
haar_x4
-6.769482e-04 0 -1
1.000000e+00 -1.000001e+00 
1
2
19 1 10 10 0 -1
19 1 5 10 0 2
haar_x2
2.893733e-04 0 -1
-1.000000e+00 9.289954e-01 
1
3
0 0 2 2 0 -1
0 0 1 1 0 2
1 1 1 1 0 2
haar_x2_y2
-1.070890e-03 0 -1
1.000000e+00 -1.000000e+00 
1
2
20 11 8 1 0 -1
22 11 4 1 0 2
haar_x4
1.072880e-04 0 -1
-1.000000e+00 9.425702e-01 
1
2
0 0 2 1 0 -1
1 0 1 1 0 2
haar_x2
6.318490e-05 0 -1
-1.000000e+00 1.000000e+00 
1
2
46 0 2 1 0 -1
46 0 1 1 0 2
haar_x2
0.000000e+00 0 -1
0.000000e+00 -1.000000e+00 
1
2
0 0 2 14 0 -1
0 7 2 7 0 2
haar_y2
1.754033e-04 0 -1
-1.000000e+00 1.000002e+00 
1
2
46 0 2 1 0 -1
46 0 1 1 0 2
haar_x2
0.000000e+00 0 -1
0.000000e+00 -1.000000e+00 
1
2
1 14 24 10 0 -1
9 14 8 10 0 3
haar_x3
-3.960256e-03 0 -1
1.000000e+00 -9.999985e-01 
1
2
33 9 13 8 0 -1
33 13 13 4 0 2
haar_y2
1.806374e-03 0 -1
-7.930564e-01 9.110115e-01 
1
3
3 2 40 12 0 -1
3 2 20 6 0 2
23 8 20 6 0 2
haar_x2_y2
9.025976e-04 0 -1
-1.000000e+00 1.000004e+00 
1
2
46 0 2 1 0 -1
46 0 1 1 0 2
haar_x2
0.000000e+00 0 -1
0.000000e+00 -1.000000e+00 
1
2
0 0 8 17 0 -1
2 0 4 17 0 2
haar_x4
-7.405052e-04 0 -1
1.000000e+00 -1.000001e+00 
1
2
34 1 3 18 0 -1
35 7 1 6 0 9
haar_point
2.158301e-02 0 -1
-8.659018e-01 1.000000e+00 
1
3
0 0 4 12 0 -1
0 0 2 6 0 2
2 6 2 6 0 2
haar_x2_y2
-2.800707e-03 0 -1
1.000000e+00 -1.000000e+00 
1
2
33 0 9 24 0 -1
36 0 3 24 0 3
haar_x3
-2.244129e-03 0 -1
1.000000e+00 -9.769576e-01 
1
2
6 2 9 10 0 -1
9 2 3 10 0 3
haar_x3
-8.197332e-05 0 -1
9.340265e-01 -9.888380e-01 
-2.323620e-01

5
-1
