8
1
2
8 18 6 1 0 -1
10 18 2 1 0 3
haar_x3
4.947423e-03 0 -1
-6.640794e-01 1.524351e+00 
1
2
3 21 18 2 0 -1
3 22 18 1 0 2
haar_y2
-2.470259e-03 0 -1
7.267559e-01 -1.041748e+00 
1
3
1 11 2 6 0 -1
1 11 1 3 0 2
2 14 1 3 0 2
haar_x2_y2
-1.492319e-03 0 -1
9.954798e-01 -8.935161e-01 
1
2
12 7 8 7 0 -1
12 7 4 7 0 2
haar_x2
2.390218e-02 0 -1
1.204808e-01 -1.259002e+00 
1
2
4 7 8 7 0 -1
8 7 4 7 0 2
haar_x2
6.453539e-03 0 -1
-9.465083e-01 7.675458e-01 
1
2
2 21 22 3 0 -1
2 22 22 1 0 3
haar_y3
-2.022265e-03 0 -1
-1.349182e+00 6.035556e-01 
1
2
5 20 14 2 0 -1
5 21 14 1 0 2
haar_y2
-3.381452e-03 0 -1
8.175521e-01 -8.655896e-01 
1
2
17 18 2 4 0 -1
17 20 2 2 0 2
haar_y2
2.457206e-03 0 -1
-4.892871e-01 7.371014e-01 
-1.451396e+00

1
-1
