6
1
2
0 17 3 6 0 -1
0 19 3 2 0 3
haar_y3
8.848078e-04 0 -1
5.983796e-01 -1.328854e+00 
1
2
13 10 3 6 0 -1
14 10 1 6 0 3
haar_x3
-5.538770e-03 0 -1
1.297544e+00 -4.021749e-01 
1
2
7 0 7 15 0 -1
7 5 7 5 0 3
haar_y3
5.140208e-02 0 -1
-6.691861e-01 1.050310e+00 
1
2
16 14 3 3 0 -1
17 14 1 3 0 3
haar_x3
-1.206289e-03 0 -1
5.016899e-01 -3.045601e-01 
1
2
5 11 3 6 0 -1
6 11 1 6 0 3
haar_x3
-4.534467e-03 0 -1
1.386464e+00 -5.414810e-01 
1
2
8 2 9 6 0 -1
11 2 3 6 0 3
haar_x3
8.278193e-03 0 -1
3.797436e-01 -3.802115e+00 
-1.473697e+00

2
-1
