13
1
2
1 1 9 17 0 -1
4 1 3 17 0 3
haar_x3
-2.147894e-04 0 -1
8.924311e-01 -9.691118e-01 
1
2
5 7 40 12 0 -1
5 13 40 6 0 2
haar_y2
1.101745e-03 0 -1
-7.747177e-01 8.088769e-01 
1
2
18 9 3 7 0 -1
19 9 1 7 0 3
haar_x3
1.198839e-03 0 -1
-9.436800e-01 8.643984e-01 
1
2
15 1 24 9 0 -1
23 4 8 3 0 9
haar_point
1.082429e-03 0 -1
-9.792168e-01 4.832349e-01 
1
2
3 15 3 6 0 -1
4 17 1 2 0 9
haar_point
3.447973e-04 0 -1
-1.000000e+00 1.000007e+00 
1
2
46 0 2 1 0 -1
46 0 1 1 0 2
haar_x2
0.000000e+00 0 -1
0.000000e+00 -1.000000e+00 
1
2
1 12 3 9 0 -1
2 15 1 3 0 9
haar_point
1.338445e-03 0 -1
-1.000000e+00 1.000001e+00 
1
2
46 0 2 1 0 -1
46 0 1 1 0 2
haar_x2
0.000000e+00 0 -1
0.000000e+00 -1.000000e+00 
1
2
8 9 6 6 0 -1
10 11 2 2 0 9
haar_point
-6.178419e-03 0 -1
1.000000e+00 -1.000001e+00 
1
2
44 17 4 5 0 -1
44 17 2 5 0 2
haar_x2
5.944217e-05 0 -1
-9.280830e-01 7.259732e-01 
1
2
0 4 39 17 0 -1
13 4 13 17 0 3
haar_x3
4.397698e-02 0 -1
-1.000000e+00 1.000004e+00 
1
2
46 0 2 1 0 -1
46 0 1 1 0 2
haar_x2
0.000000e+00 0 -1
0.000000e+00 -1.000000e+00 
1
3
1 0 6 14 0 -1
1 0 3 7 0 2
4 7 3 7 0 2
haar_x2_y2
-1.345137e-03 0 -1
1.000000e+00 -1.000002e+00 
-3.315759e-02

5
-1
