9
1
2
6 1 12 12 0 -1
6 5 12 4 0 3
haar_y3
4.929771e-02 0 -1
-6.902031e-01 8.893971e-01 
1
2
3 14 18 10 0 -1
3 19 18 5 0 2
haar_y2
-3.685411e-02 0 -1
7.590281e-01 -8.767964e-01 
1
2
6 14 3 5 0 -1
7 14 1 5 0 3
haar_x3
7.084776e-03 0 -1
-5.054082e-01 2.058330e+00 
1
2
15 11 2 7 0 -1
15 11 1 7 0 2
haar_x2
1.897273e-03 0 -1
-6.227797e-01 8.402392e-01 
1
2
6 8 3 8 0 -1
7 8 1 8 0 3
haar_x3
-4.013625e-03 0 -1
1.199181e+00 -7.563345e-01 
1
2
12 21 3 3 0 -1
13 21 1 3 0 3
haar_x3
7.015363e-04 0 -1
4.183332e-01 -1.119226e+00 
1
2
7 13 5 6 0 -1
7 16 5 3 0 2
haar_y2
6.130491e-04 0 -1
-1.003360e+00 6.900442e-01 
1
2
12 21 3 3 0 -1
13 21 1 3 0 3
haar_x3
-4.805030e-04 0 -1
-8.799396e-01 6.300414e-01 
1
2
3 0 3 4 0 -1
4 0 1 4 0 3
haar_x3
-3.827251e-04 0 -1
-1.937707e+00 5.341957e-01 
-1.236487e+00

5
-1
