9
1
2
2 0 1 24 0 -1
2 6 1 12 0 2
haar_y4
3.063192e-03 0 -1
-8.591174e-01 6.237299e-01 
1
2
34 12 6 1 0 -1
36 12 2 1 0 3
haar_x3
-1.259443e-03 0 -1
4.117863e-01 -5.691949e-01 
1
2
8 6 6 12 0 -1
10 10 2 4 0 9
haar_point
-1.007912e-02 0 -1
8.099682e-01 -7.984326e-01 
1
2
26 9 1 4 0 -1
26 10 1 2 0 2
haar_y4
-4.864840e-05 0 -1
3.863908e-01 -2.498826e-01 
1
2
21 9 1 4 0 -1
21 10 1 2 0 2
haar_y4
2.161639e-04 0 -1
-8.220486e-01 6.888260e-01 
1
2
27 10 9 10 0 -1
30 10 3 10 0 3
haar_x3
-2.052532e-03 0 -1
3.679513e-01 -7.230433e-01 
1
2
16 5 12 10 0 -1
19 5 6 10 0 2
haar_x4
1.071668e-02 0 -1
-8.148813e-01 6.950248e-01 
1
2
23 15 3 9 0 -1
23 18 3 3 0 3
haar_y3
2.822524e-03 0 -1
-8.526156e-01 6.339912e-01 
1
2
0 20 8 3 0 -1
4 20 4 3 0 2
haar_x2
4.305404e-04 0 -1
-9.447756e-01 5.978577e-01 
-7.483900e-03

4
-1
